Range Beacons Nodes    Max_X    Max_Y    Error_X         Error_Y         AverageTime
100    289    711    10000    10000    1339.926904795    1331.65521666    0.00670146271482
100    289    711    1000    1000    142.509013463    144.701611625    0.0407885935068
100    1444    3556    5000    5000    724.93906402    742.695223295    0.233352471055
100    1444    3556    10000    10000    626.556106272    617.960770429    0.0595712924567
200    1444    3556    10000    10000    296.138377515    324.03415637   0.222972716269
100    289    711    1000    1000    155.700831739    151.802670528    0.257265392403
100    9    991    10000    10000    1657.679256973    1653.28316028    0.00127379011314    72.4330233411
100    49    951    10000    10000    1599.129358207    1592.244655453    0.00140647632467    38.413700295
100    196    804    10000    10000    1151.28264007    1191.022746205    0.00497795396776    32.4456320638
100    100    900    10000    10000    1242.556271355    1235.101354695    0.00193809111913    28.0736609542
100    289    711    10000    10000    1131.96411954    1166.50857475    0.00729065370627    23.5461668188
