NodeRange    #Beacons    #Normal    X    Y    ErrorInX    ErrorInY    AverageTime
100    289    711    10000    10000    2279.85380959    2263.31043332    0.00670146271482
100    289    711    1000    1000    245.018026926    249.403223251    0.0407885935068
100    1444    3556    5000    5000    1309.87812804    1305.39044659    0.233352471055
100    1444    3556    10000    10000    913.112212544    955.921540859    0.0595712924567
200    1444    3556    10000    10000    592.27675503    648.06831274    0.222972716269
100    289    711    1000    1000    311.401663478    303.605341056    0.257265392403
100    1444    3556    5000    5000    1534.54977453    1465.13550953    7.1950177677
100    9    991    10000    10000    2486.51888546    2479.92474042    0.00127379011314    64.4330233411
100    49    951    10000    10000    2398.69403731    2388.36698318    0.00140647632467    64.413700295
100    196    804    10000    10000    2302.56528014    2382.04549241    0.00497795396776    69.4456320638
100    100    900    10000    10000    2485.11254271    2470.20270939    0.00193809111913    68.0736609542
100    289    711    10000    10000    2263.92823908    2333.0171495    0.00729065370627    73.5461668188
